+8.83372E-14
-5.66584E-14
+5.81266E-14
+1.39117E-13
+1.35390E-13
+5.88840E-14
+1.40066E-13
+7.78785E-14
+4.21292E-14
+1.35748E-13
+1.53728E-13
+1.32017E-13
+7.14669E-14
+3.48000E-14
+6.99479E-14
+3.32222E-14
+3.33638E-14
+9.37673E-14
+2.12859E-14
+7.36429E-14
+5.03593E-14
+1.41564E-14
+7.98637E-14
+3.91836E-14
+4.69473E-14
+1.80482E-14
-2.30118E-14
+4.48628E-14
+2.04167E-14
-2.01917E-14
+3.77182E-14
-6.83904E-15
+9.44119E-15
+5.36094E-14
-2.26716E-14
+3.50837E-14
-9.75923E-16
+1.68866E-14
+9.70718E-14
-8.37982E-15
+4.41748E-14
+5.51616E-14
-2.91766E-14
+4.09879E-14
+1.75784E-15
-5.96794E-15
+4.99612E-14
-1.11875E-14
-1.01439E-14
+9.38014E-15
-3.76163E-14
+4.50100E-14
-2.24529E-14
-6.80478E-14
+6.98447E-14
-2.70350E-15
+1.10292E-14
+5.52994E-14
-6.66727E-14
+3.58728E-14
+5.34315E-16
-2.44960E-14
+3.64504E-14
-1.71820E-14
-2.35754E-14
+1.71957E-14
-4.12077E-14
+3.03835E-14
-2.29434E-15
-2.46868E-14
+5.00830E-14
-2.04248E-14
+1.18120E-14
+2.45336E-14
-4.60031E-14
+3.71912E-14
-1.72934E-14
-2.23759E-15
+2.97652E-14
-2.56432E-14
-1.21459E-15
-3.34584E-14
-4.42740E-14

+9.81700E-15
-1.47193E-14
-2.56527E-15
+2.80772E-14
-2.38776E-14
-4.58512E-15
+2.94162E-15
-5.16872E-14
+2.28956E-14
+1.05819E-15
-1.63147E-14
+5.78480E-14
-1.27264E-14
-1.38966E-14
-4.96535E-15
-5.35250E-14
+2.58299E-14
-4.44208E-14
+1.39481E-14
+5.94173E-14
-4.90769E-14
+1.44340E-14
+6.45281E-16
-3.11698E-14
+1.61729E-14
-1.74387E-14
+9.08898E-15
+6.47932E-14
-4.57047E-14
+1.88894E-14
+4.76776E-14
-1.86488E-14
+5.31607E-14
-4.34514E-14
-1.00552E-14
+4.14359E-14
-4.60874E-14
+3.89309E-14
+5.26914E-15
-2.00569E-14
+1.73864E-14
-3.01968E-14
-3.49994E-14
-9.62627E-15
+6.34684E-15
+6.60725E-14
+9.19708E-14
+2.06998E-14
+4.58835E-14
-2.78351E-14
+3.31140E-14
+4.22378E-14
-6.21247E-14
+4.32596E-14
+7.53269E-14
-3.70300E-14
+3.32774E-14
+1.15563E-14
-2.77546E-14
+2.23971E-14
-8.71165E-14
+9.72866E-14
+1.03016E-14
+4.31569E-14
+5.54367E-14
-2.33327E-14
-2.03131E-14
+2.70026E-15
-7.05335E-14
-1.12128E-14
-1.78024E-14
-1.65605E-14
+5.89061E-15
-2.43138E-14
+1.92812E-15
+3.10647E-14
+6.36669E-15
+3.08712E-14
-1.80015E-14
-2.88008E-14
+5.98070E-15
-1.94866E-14
-2.35517E-14
+5.63251E-15
-7.01213E-14
-2.27967E-14
-2.74417E-14
-3.04358E-14
+1.85382E-14
-2.31215E-14
-1.30697E-14
+8.38721E-15
-8.04426E-14
+2.48091E-14
-2.82645E-14
-3.62434E-14
+3.27735E-14
-9.85044E-14
+2.23320E-16
+1.64719E-14
-2.08349E-14
+7.29141E-14
+1.11162E-14
-1.82252E-15
+5.66095E-14
-5.43082E-14
+1.23459E-15
-2.51218E-14
-4.62172E-14
+1.42826E-14
-4.75810E-15
-9.47286E-15
+1.39102E-14
-1.89477E-16
-2.44279E-14
+2.53042E-14
-4.95905E-14
+2.99239E-14
-8.47563E-15
-2.03464E-14
+3.79639E-14
+2.96345E-15
-2.15661E-14
+1.11408E-14
-6.16351E-14
+3.76205E-15
-5.61926E-15
-3.88415E-14
+3.35929E-14
-4.49785E-14
+5.57251E-15
+2.17069E-14
-3.98489E-14
+4.85846E-14
-4.49866E-14
-1.68301E-14
+3.12207E-14
-1.01033E-13
+1.69402E-13
+1.23693E-13
-3.92858E-14
+1.06858E-13
-1.83795E-14
+3.94388E-14
-2.92277E-14
-6.19523E-14
+1.93730E-14
-3.68038E-15
+1.84935E-15
-3.07814E-15
-4.24978E-14
+7.08173E-15
+3.02283E-14
-2.22595E-14
-1.51566E-16
+1.16499E-14
-2.22874E-14
+2.19777E-14
-1.29524E-14
-1.90195E-14
+5.11073E-14
-3.69259E-14
+1.49612E-14
-2.96393E-15
-3.73147E-14
+2.05998E-14
-1.07963E-14
-2.73179E-14
+2.49249E-14
-4.68019E-14
+2.31373E-14
-1.69396E-14
-6.88354E-14
+6.61646E-14
-6.20855E-14
-1.46964E-14
-1.61660E-14
-2.81067E-14
+3.86745E-14
+7.30880E-15
-3.21139E-14
+2.61962E-14
-3.59551E-14
+6.95314E-15
-2.27122E-14
-3.84236E-14
+1.46601E-14
-2.36441E-15
-5.09055E-14
+1.41284E-15
-2.90981E-14
-3.14641E-14
+3.08416E-14
-1.43592E-14
+2.04430E-14
-5.30642E-15
-4.02319E-14
+4.64356E-14
-1.79912E-14
-1.35845E-14
+4.04643E-14
-5.37783E-14
+5.40510E-15
+9.78330E-15
-5.29796E-14
+5.45033E-14
-4.85621E-14
-7.06063E-15
+2.39724E-14
-5.14197E-14
-4.86698E-16
+3.00377E-14
-1.87982E-14
+8.40673E-16
-5.59755E-14
-3.60636E-15
-9.85952E-15
-3.51087E-14
+3.49199E-15
-1.68982E-14
-2.42929E-14
+1.12026E-14
-3.36742E-14
+2.27255E-15
+3.09702E-14
-3.21133E-14
+3.32053E-14
+1.47183E-14
-3.54665E-14
+3.91013E-14
-1.27351E-15
-2.73135E-14
-1.95656E-14
-2.80833E-14
-5.08983E-16
-2.67121E-14
-5.71370E-14
+2.87663E-14
+3.50408E-15
-1.49524E-14
+1.22910E-14
-3.87628E-14
+3.80093E-14
+2.25389E-14
-3.65186E-14
+4.03194E-14
-6.41602E-14
+1.05500E-15
-1.25537E-14
-3.23911E-14
-4.71038E-15
-1.29619E-14
-3.90572E-14
-8.24976E-15
-3.33778E-14
+7.69889E-15
+8.18781E-15
-4.00235E-14
-5.76405E-15
-2.13100E-14
-2.84703E-14
+4.21391E-14
+8.22089E-15
-1.81790E-14
+1.45415E-14
-2.93017E-14
+1.15254E-15
+2.57192E-14
-4.89317E-14
+4.13509E-14
-2.95578E-14
-1.68234E-14
+2.29558E-14
-5.13492E-14
+2.06784E-14
-2.25182E-14
-3.49325E-14
+5.18483E-14
-2.58706E-14
+1.59644E-14
+2.67218E-14
-3.99598E-14
+1.34065E-14
-4.32213E-14
-1.60200E-14
+4.71321E-14
-1.88522E-14
+2.29390E-14
-9.21891E-15
-4.06095E-14
-5.04957E-15
-1.07902E-14
-2.60199E-14
+2.44618E-14
-3.80093E-14
-1.13288E-14
+6.63845E-15
-4.05510E-14
-6.11769E-15
+2.02815E-14
-4.28146E-14
+5.11960E-14
-1.93629E-14
-2.94339E-14
+3.34991E-15
-5.76654E-14
+3.74177E-14
+5.94344E-15
-9.88194E-14
+2.98876E-14
-1.55869E-14
+1.04324E-14
+8.98211E-14
-4.19483E-14
+3.59718E-14
+1.02988E-14
